=== View Transform ===
0.0 0.0 0.0 0.0
0.0 0.0 0.0 0.0
0.0 0.0 0.0 0.0
0.0 0.0 0.0 0.0
=== Projection Transform ===
0.0 0.0 0.0 0.0
0.0 0.0 0.0 0.0
0.0 0.0 0.0 0.0
0.0 0.0 0.0 0.0
=== Intrinsic ===
570.800367 0.000000 326.051727
0.000000 555.015518 235.892679
0.000000 0.000000 1.000000
=== Distortion ===
0.247549 -0.439616 -0.032791 0.038221 
=== Position ===
0.0 0.0 0.0
=== Extrinsic ===
-0.843702  -0.362647  -0.395795  398.896768
-0.130140  0.853491  -0.504596  379.631398
0.520798  -0.374220  -0.767287  763.524868
0.000000  0.000000  0.000000  1.000000
