=== View Transform ===
0.0 0.0 0.0 0.0
0.0 0.0 0.0 0.0
0.0 0.0 0.0 0.0
0.0 0.0 0.0 0.0
=== Projection Transform ===
0.0 0.0 0.0 0.0
0.0 0.0 0.0 0.0
0.0 0.0 0.0 0.0
0.0 0.0 0.0 0.0
=== Intrinsic ===
599.497876 0.000000 320.835605
0.000000 584.557218 239.776826
0.000000 0.000000 1.000000
=== Distortion ===
0.066282 0.065523 -0.019424 0.045218 
=== Position ===
0.0 0.0 0.0
=== Extrinsic ===
-0.844964  -0.314773  -0.432381  416.100103
-0.121043  0.900031  -0.418679  319.446201
0.520945  -0.301432  -0.798595  708.209748
0.000000  0.000000  0.000000  1.000000
